[V8A_MAX_AIMNECK]
AOB=01 00 00 00 ?? 00 00 00 00 00 00 00 ?? ?? ?? ?? ?? ?? 00 00 ?? 00 00 00 ?? 00 00 00 ?? ?? ?? ?? ?? ?? 00 00 00 00 00 00 00 00 00 00 ?? ?? ?? ?? ?? ?? 00 00 ?? ?? ?? ?? ?? ?? 00 00 ?? ?? ?? ?? ?? ?? 00 00 ?? ?? ?? ?? ?? ?? 00 00 00 00 00 00 00 00 00 00 ?? ?? ?? ?? ?? ?? 00 00 FF FF FF FF 00 00 00 00 00 00 00 00 00 00 00 00 00 00 ?? ?? 00 00 ?? ?? 00 00 ?? ?? 00 00 00 00 00 00 00 00 00 00 00 00 00 00 00 00 00 00 00 00 00 00 00 00 00 00 00 00 ?? ?? ?? ?? ?? ?? 00 00 00 00 00 00 00 00 00 00 00 00 00 00 00 00 00 00 00 00 00 00 00 00 00 00 00 00 00 00 00 00 00 00 00 00 00 00 00 00 00 00 00 00 00 00 00 00 00 00 00 00 00 00 00 00 00 00 00 00 00 00 00 00 00 00 00 00 00 00 00 00 00 00 00 00 00 00 00 00 00 00 00 00 00 00 00 00 00 00 00 00 00 00 00 00 00 00 00 00 00 00 00 00 00 00 00 00 00 00 00 00 00 00 00 00 00 00 00 00 00 00 00 00 00 00 00 00 00 00 ?? ?? ?? ?? ?? ?? 00 00 ?? ?? ?? ?? ?? ?? 00 00 ?? ?? ?? ?? ?? ?? 00 00 00 00 00 00 00 00 00 00 ?? ?? ?? ?? ?? ?? 00 00 ?? ?? ?? ?? ?? ?? 00 00 00 00 00 00 00 00 00 00 00 00 00 00 00 00 00 00 00 00 00 00 00 00 00 00 00 00 00 00 00 00 00 00 00 00 00 00 00 00 00 00 ?? ?? ?? ?? ?? ?? 00 00 ?? ?? ?? ?? ?? ?? 00 00 00 00 00 00 00 00 00 00 00 00 00 00 00 00 00 00 00 00 00 00 00 00 ?? ?? 00 00 00 00 00 00 00 00 00 00 00 00 00 00 00 00 00 00 00 00 00 00 00 00 00 00 00 00 00 00 00 00 00 00 00 00 00 00 00 00 00 00 00 00 00 00 00 00 00 00 00 00 00 00 00 00 00 00 00 00 00 00 00 00 00 00 00 00 00 00 00 00 00 00 00 00 00 00 00 00 00 00 00 00 00 00 00 00 00 00 00 00 00 00 00 00 00 00 00 00 00 00 00 00 00 00 00 00 00 00 00 00 00 00 00 00 00 00 00 00 00 00 00 00 ?? 00 00 00 00 ?? ?? ?? ?? ?? 00 00 ?? ?? ?? ?? ?? ?? 00 00 00 00 00 00 00 00 00 00 00 00 00 00 00 00 00 00 00 00 00 00 00 00 00 00 FF FF FF FF 00 00 00 00 00 00 00 00 00 00 00 00 FF FF FF FF 00 00 00 00 ?? ?? ?? ?? ?? ?? 00 00 00 00 00 00 00 00 00 00 00 00 00 00 00 00 00 00 ?? ?? ?? ?? ?? ?? 00 00 00 00 00 00 00 00 00 00 00 00 00 00 00 00 00 00 00 00 00 00 00 00 00 00 00 00 00 00 ?? ?? ?? ?? 00 00 00 00 00 00 00 00 00 00 00 00 00 00 00 00 00 00 00 00 00 00 00 00 00 00 00 00 00 00 00 00 00 00 00 00 00 00 00 00 00 00 00 00 00 01 01 ?? ?? 00 ?? 00 00 00 00 00 ?? ?? ?? ?? ?? ?? 00 00 00 00 00 00 00 00 00 00 00 00 00 00 00 00 00 00 ?? ?? ?? ?? 00 00 00 00 ?? ?? ?? ?? ?? ?? 00 00 00 00 00 00 00 00 00 00 00 00 00 00 00 00 00 00 ?? ?? ?? ?? ?? ?? 00 00 00 00 00 00 00 00 00 00 00 00 00 00 00 00 00 00 ?? ?? ?? ?? ?? ?? 00 00 00 00 00 00 00 00 00 00 00 00 00 00 00 00 00 00 00 00 00 00 00 00 00 00 ?? 00 00 00 ?? 00 00 00 00 00 00 00 00 00 00 00 00 00 00 00 00 00 00 00 ?? ?? ?? ?? ?? ?? 00 00 00 00 00 00 00 00 00 00 00 00 00 00 00 00 00 00 00 00 00 00 FF FF FF FF 00 00 00 00 00 00 00 00 00 00 00 00 00 00 00 00 ?? ?? ?? ?? ?? ?? 00 00 00 00 00 00 ?? 00 00 00 ?? ?? ?? ?? ?? 00 00 00 00 00 00 00 00 00 00 00 ?? 00 00 ?? ?? 00 00 00 ?? ?? 00 00 00 00 00 00 ?? ?? ?? ?? ?? ?? ?? 00 00 00 00 00 00 00 00 00 ?? ?? ?? ?? ?? 00 00 00 ?? 00 00 00 00 00 00 00 00 00 00 00 00 00 00 00 ?? 00 00 ?? ?? 00 00 00 ?? ?? 00 00 00 00 00 00 ?? ?? ?? ?? ?? ?? ?? 00 ?? ?? 00 00 00 00 00 00 ?? ?? ?? ?? ?? ?? 00 00 ?? ?? ?? ?? ?? ?? 00 00 ?? ?? ?? ?? 00 00 00 00 00 00 00 00 00 00 00 00 00 00 00 00 00 00 00 00 ?? ?? ?? ?? ?? ?? 00 00 ?? ?? ?? ?? ?? ?? 00 00 ?? ?? ?? ?? ?? ?? 00 00 ?? 00 00 00 00 00 00 00 00 00 00 00 00 00 00 00 00 00 00 00 00 00 00 00 00 00 00 00 00 00 00 00 01 00 00 00 ?? 00 00 00 00 00 00 00 00 00 00 00 00 00 00 00 00 00 00 00 ?? ?? ?? ?? ?? ?? 00 00 01 00 00 00 00 00 00 00 00 00 00 00 ?? 00 00 00 ?? 00 00 00 ?? ?? 00 00 00 ?? 00 00 01 00 00 00 00 00 00 00 00 00 00 00 00 00 00 00 00 00 00 00 00 00 00 00 00 00 00 00 ?? ?? ?? ?? 00 00 00 00 ?? ?? ?? ?? ?? ?? 00 00 ?? 00 00 00 00 00 ?? ?? 00 00 ?? ?? 00 00 00 00 ?? 00 00 00 00 00 00 00 00 00 00 00 00 00 00 00 ?? ?? 00 00 00 00 00 00 ?? ?? ?? ?? ?? ?? ?? ?? ?? ?? ?? ?? ?? ?? ?? ?? ?? ?? ?? ?? ?? ?? ?? ?? ?? ?? ?? ?? ?? ?? 00 00 00 00 00 00 00 00 00 00 ?? ?? 00 00 00 00 00 00 ?? ?? ?? ?? ?? ?? 00 00 00 00 00 00 00 00 00 00 00 00 00 00 00 00 00 00 00 00 00 00 00 00 00 00 FF FF FF FF 00 00 00 00 00 00 00 00 00 00 00 00 ?? ?? ?? ?? ?? ?? 00 00 00 00 00 00 00 00 00 00 00 00 00 00 00 00 00 00 00 00 00 00 00 00 00 00 00 00 00 00 00 00 00 00 ?? ?? 00 00 00 00 00 00 00 00 00 00 00 00 00 00 00 00 00 00 00 00 00 00 00 00 00 00 00 00 00 00 FF FF FF FF 00 00 00 00 00 00 00 00 00 00 00 00 00 00 00 00 00 00 00 00 00 00 00 00 ?? ?? ?? ?? ?? ?? ?? ?? ?? ?? ?? ?? ?? ?? ?? ?? 00 00 00 00 ?? ?? ?? ?? ?? ?? ?? ?? ?? ?? ?? ?? ?? ?? ?? ?? 00 00 00 00 00 00 00 00 00 00 00 00 00 00 00 00 00 00 00 00 00 00 A5 43 00 00 00 00 00 00 00 00 00 00 00 00 00 00 00 00 00 00 00 00 00 00 00 00 00 00 00 00 00 00 00 00 00 00 00 00 00 00 00 00 ?? ?? ?? ?? ?? ?? 00 00 ?? ?? ?? ?? ?? ?? 00 00 ?? ?? ?? ?? ?? ?? 00 00 ?? ?? ?? ?? ?? ?? 00 00 ?? ?? ?? ?? ?? ?? 00 00 ?? ?? ?? ?? ?? ?? 00 00 ?? ?? ?? ?? ?? ?? 00 00 ?? ?? ?? ?? ?? ?? 00 00 ?? ?? ?? ?? ?? ?? 00 00 ?? ?? ?? ?? ?? ?? 00 00 ?? ?? ?? ?? ?? ?? 00 00 ?? ?? ?? ?? ?? ?? 00 00 ?? ?? ?? ?? ?? ?? 00 00 ?? ?? ?? ?? ?? ?? 00 00 ?? ?? ?? ?? ?? ?? 00 00 ?? ?? ?? ?? ?? ?? 00 00 ?? ?? ?? ?? ?? ?? 00 00 00 00 00 00 00 00 00 00 ?? ?? ?? ?? ?? ?? 00 00 ?? ?? ?? ?? ?? ?? 00 00 ?? ?? ?? ?? ?? ?? 00 00 ?? ?? ?? ?? ?? ?? 00 00 ?? ?? ?? ?? ?? ?? 00 00 ?? ?? ?? ?? ?? ?? 00 00 ?? ?? ?? ?? ?? ?? 00 00 ?? ?? ?? ?? ?? ?? 00 00 ?? ?? ?? ?? ?? ?? 00 00 ?? ?? ?? ?? ?? ?? 00 00 ?? 00 00 00 00 00 00 00 ?? ?? ?? ?? ?? ?? 00 00 ?? ?? ?? ?? ?? ?? 00 00 ?? ?? ?? ?? ?? ?? 00 00 00 00 00 00 00 00 00 00 ?? ?? ?? ?? ?? ?? 00 00 00 00 00 00 00 00 00 00 ?? ?? ?? ?? ?? ?? 00 00 00 00 00 00 00 00 00 00 00 00 00 00 00 00 00 00 00 00 00 00 00 00 00 00 00 00 00 00 00 00 00 00 ?? ?? ?? ?? ?? ?? 00 00 ?? ?? 00 00 00 00 00 00 00 00 00 00 00 00 00 00 00 00 00 00 00 00 00 00 00 00 00 00 ?? 00 00 00 ?? 00 00 00 ?? ?? ?? ?? ?? ?? ?? ?? ?? ?? ?? ?? ?? ?? ?? ?? 00 00 80 BF ?? ?? ?? ?? ?? ?? 00 00 00 00 00 00 00 00 80 BF
READ=0x654
WRITE=0x64C

[V8A_AIMSOULDERMAX]
AOB=01 00 00 00 ?? 00 00 00 00 00 00 00 ?? ?? ?? ?? ?? ?? 00 00 ?? 00 00 00 ?? 00 00 00 ?? ?? ?? ?? ?? ?? 00 00 00 00 00 00 00 00 00 00 ?? ?? ?? ?? ?? ?? 00 00 ?? ?? ?? ?? ?? ?? 00 00 ?? ?? ?? ?? ?? ?? 00 00 ?? ?? ?? ?? ?? ?? 00 00 00 00 00 00 00 00 00 00 ?? ?? ?? ?? ?? ?? 00 00 FF FF FF FF 00 00 00 00 00 00 00 00 00 00 00 00 00 00 ?? ?? 00 00 ?? ?? 00 00 ?? ?? 00 00 00 00 00 00 00 00 00 00 00 00 00 00 00 00 00 00 00 00 00 00 00 00 00 00 00 00 ?? ?? ?? ?? ?? ?? 00 00 00 00 00 00 00 00 00 00 00 00 00 00 00 00 00 00 00 00 00 00 00 00 00 00 00 00 00 00 00 00 00 00 00 00 00 00 00 00 00 00 00 00 00 00 00 00 00 00 00 00 00 00 00 00 00 00 00 00 00 00 00 00 00 00 00 00 00 00 00 00 00 00 00 00 00 00 00 00 00 00 00 00 00 00 00 00 00 00 00 00 00 00 00 00 00 00 00 00 00 00 00 00 00 00 00 00 00 00 00 00 00 00 00 00 00 00 00 00 00 00 00 00 00 00 00 00 00 00 ?? ?? ?? ?? ?? ?? 00 00 ?? ?? ?? ?? ?? ?? 00 00 ?? ?? ?? ?? ?? ?? 00 00 00 00 00 00 00 00 00 00 ?? ?? ?? ?? ?? ?? 00 00 ?? ?? ?? ?? ?? ?? 00 00 00 00 00 00 00 00 00 00 00 00 00 00 00 00 00 00 00 00 00 00 00 00 00 00 00 00 00 00 00 00 00 00 00 00 00 00 00 00 00 00 ?? ?? ?? ?? ?? ?? 00 00 ?? ?? ?? ?? ?? ?? 00 00 00 00 00 00 00 00 00 00 00 00 00 00 00 00 00 00 00 00 00 00 00 00 ?? ?? 00 00 00 00 00 00 00 00 00 00 00 00 00 00 00 00 00 00 00 00 00 00 00 00 00 00 00 00 00 00 00 00 00 00 00 00 00 00 00 00 00 00 00 00 00 00 00 00 00 00 00 00 00 00 00 00 00 00 00 00 00 00 00 00 00 00 00 00 00 00 00 00 00 00 00 00 00 00 00 00 00 00 00 00 00 00 00 00 00 00 00 00 00 00 00 00 00 00 00 00 00 00 00 00 00 00 00 00 00 00 00 00 00 00 00 00 00 00 00 00 00 00 00 00 ?? 00 00 00 00 ?? ?? ?? ?? ?? 00 00 ?? ?? ?? ?? ?? ?? 00 00 00 00 00 00 00 00 00 00 00 00 00 00 00 00 00 00 00 00 00 00 00 00 00 00 FF FF FF FF
READ=0x6B4
WRITE=0x64C

[V8A_AIMNECK]
AOB=FF FF FF FF 00 00 00 00 00 00 00 00 00 00 00 00 00 00 00 00 00 00 00 00 00 00 00 00 00 00 00 00 00 00 00 00 00 00 00 00 00 00 00 00 00 00 00 00 00 00 00 00 00 00 00 00 00 00 00 00 00 00 00 00 00 00 00 00 FF FF FF FF 00 00 00 00 00 00 00 00 00 00 00 00 00 00 00 00 ?? ?? ?? ?? ?? ?? ?? ?? ?? ?? ?? ?? ?? ?? ?? ?? 00 00 00 00 ?? ?? ?? ?? 00 00 00 00 ?? ?? ?? ?? 00 00 00 00 00 00 00 00 00 00 00 00 00 00 A5 43
READ=0xB7
WRITE=0XB3

[V7A_NECK]
AOB=FF 00 00 00 00 00 00 00 00 00 00 00 00 00 00 00 00 ?? ?? ?? ?? 00 00 00 00 00 00 00 00 00 00 00 00 00 00 00 00 00 00 00 00 00 00 00 00 00 00 00 00 00 00 00 00 00 00 00 00 00 00 00 00 00 00 00 00 ?? ?? ?? ?? 00 00 00 00 00 00 00 00 00 00 00 00 00 00 00 00 ?? ?? ?? ?? ?? ?? ?? ?? ?? ?? ?? ?? ?? ?? ?? ?? 00 00 00 00 ?? ?? ?? ?? ?? ?? ?? ?? ?? ?? ?? ?? ?? ?? ?? ?? 00 00 00 00 00 00 00 00 00 00 00 00 00 00 A5 43
READ=0xB5
WRITE=0xB9

[V7A_AIMSHOULDER]
AOB=FF 00 00 00 00 00 00 00 00 00 00 00 00 00 00 00 00 ?? ?? ?? ?? 00 00 00 00 00 00 00 00 00 00 00 00 00 00 00 00 00 00 00 00 00 00 00 00 00 00 00 00 00 00 00 00 00 00 00 00 00 00 00 00 00 00 00 00 ?? ?? ?? ?? 00 00 00 00 00 00 00 00 00 00 00 00 00 00 00 00 ?? ?? ?? ?? ?? ?? ?? ?? ?? ?? ?? ?? ?? ?? ?? ?? 00 00 00 00 ?? ?? ?? ?? ?? ?? ?? ?? ?? ?? ?? ?? ?? ?? ?? ?? 00 00 00 00 00 00 00 00 00 00 00 00 00 00 A5 43
READ=0xB5
WRITE=0xE9
